[1, [1], 32, [64, 64], [0.7853981633974483, 1.5707963267948966], 1, 0]--error: 0.7333333333333333
[1, [1], 32, [64, 64], [0.7853981633974483, 1.5707963267948966], 1, 0]--error: 0.7333333333333333
[1, [1], 32, [64, 64], [0.7853981633974483, 1.5707963267948966], 1, 0]--error: 0.7333333333333333
[1, [1], 32, [64, 64], [0.7853981633974483, 1.5707963267948966, 2.356194490192345], 1, 0]--error: 0.0
[1, [1], 32, [64, 64], [0.7853981633974483, 1.5707963267948966, 2.356194490192345], 1, 0]--error: 0.8765315739868049

[1, [1], 32, [64, 64], [0.7853981633974483, 1.5707963267948966, 2.356194490192345], 2, 0]--error: 0.8699340245051838
[1, [1], 32, [64, 64], [0.7853981633974483, 1.5707963267948966, 2.356194490192345, 3.141592653589793], 3, 0]--error: 0.9245994344957588
[1, [1], 32, [64, 64], [0.7853981633974483, 1.5707963267948966, 2.356194490192345, 3.141592653589793], 2, 0]--error: 0.9029217719132894
[1, [1], 32, [64, 64], [0.7853981633974483, 1.5707963267948966, 2.356194490192345, 3.141592653589793], 1, 0]--error: 0.9245994344957588
[1, [1], 18, [48, 36], [0.7853981633974483, 1.5707963267948966, 2.356194490192345], 1, 0]--error: 0.9066918001885014
